time[d]	beta1			beta2			beta3			beta4			beta5			beta6			ngt[s^-1]		fuel_tmp_coeff[pcm/dk]	mod_tmp_coeff[pcm/dk]
0.0		2.061760E-04	1.140360E-03	1.081370E-03	3.060860E-03	9.097140E-04	2.759040E-04	4.430560E-04	-2.9550685652121347	-0.8902186954229654
0.0208	1.809510E-04	1.108650E-03	1.061870E-03	3.031130E-03	8.746820E-04	3.281220E-04	4.431770E-04	-2.7385173379262633	-1.7944424067550369
0.0416	2.202390E-04	1.062650E-03	1.082530E-03	3.085120E-03	8.285380E-04	3.209770E-04	4.444890E-04	-1.5482321936514685	-2.1908891900594534
1.0		2.168300E-04	1.100710E-03	1.084330E-03	3.051100E-03	8.765690E-04	2.988860E-04	4.407830E-04	-2.114799161481408	-1.8873926333752151
3.0		2.143580E-04	1.100460E-03	1.086540E-03	3.073110E-03	8.962700E-04	3.322980E-04	4.361920E-04	-3.0001985195963683	-2.230402086144121
7.0		2.110560E-04	1.143540E-03	1.109930E-03	3.019300E-03	9.179050E-04	2.905350E-04	4.359980E-04	-3.0127680728590103	-2.369848136322088
14.0	2.298070E-04	1.097810E-03	1.066690E-03	2.899200E-03	8.991880E-04	2.722290E-04	4.342660E-04	-1.8881557660797228	-2.073423976626259
21.0	2.083940E-04	1.079690E-03	1.086320E-03	3.072840E-03	8.978700E-04	3.435160E-04	4.339830E-04	-2.917549090278848	-2.809337918105883
28.0	1.935580E-04	1.129550E-03	1.035960E-03	2.978640E-03	9.334390E-04	3.071390E-04	4.325310E-04	-2.073612722228549	-1.8873890392823875
35.0	2.232650E-04	1.069990E-03	1.035350E-03	2.930760E-03	8.752550E-04	3.289120E-04	4.336100E-04	-2.70367777865143	-3.0272931777971612
42.0	1.907430E-04	1.107980E-03	1.052460E-03	3.018360E-03	8.356020E-04	3.107210E-04	4.325710E-04	-3.2354909891061934	-1.4450288697842903
49.0	1.931690E-04	1.107840E-03	1.024280E-03	3.035970E-03	8.839470E-04	3.150240E-04	4.345450E-04	-1.855825865039359	-2.2270260029463174
56.0	2.408250E-04	1.101560E-03	1.046670E-03	2.921830E-03	8.512110E-04	3.423670E-04	4.321260E-04	-2.246969276751929	-1.7381999990753587
63.0	2.195330E-04	1.004350E-03	1.029140E-03	3.080170E-03	8.610310E-04	3.021820E-04	4.311010E-04	-2.6744220813592885	-2.7376528904127166
70.0	1.900170E-04	1.128760E-03	1.010960E-03	3.016100E-03	8.730860E-04	3.173780E-04	4.342160E-04	-2.1133016914357605	-2.0808548948992773
77.0	2.010040E-04	1.111110E-03	1.023300E-03	2.962320E-03	8.750790E-04	3.288340E-04	4.339130E-04	-2.1639733659081553	-2.67295059388803
84.0	1.948470E-04	1.086860E-03	1.078890E-03	3.090100E-03	8.264380E-04	3.223730E-04	4.331720E-04	-2.1594193774961705	-2.7282403213287836
91.0	2.259370E-04	1.103090E-03	1.086480E-03	3.029930E-03	8.290370E-04	2.992310E-04	4.345790E-04	-1.8231747963339169	-1.4937598467212176
98.0	2.171460E-04	1.086690E-03	1.044630E-03	3.025910E-03	8.403560E-04	3.161270E-04	4.347500E-04	-3.3043205343218838	-2.4812209763305884
105.0	2.086800E-04	1.112850E-03	1.038580E-03	3.027030E-03	8.508570E-04	3.051850E-04	4.345630E-04	-2.6493058045626987	-1.925579393872967
112.0	2.025560E-04	1.132380E-03	1.067610E-03	3.026580E-03	9.230830E-04	2.799180E-04	4.349570E-04	-2.857053584024397	-2.2766884810238643
119.0	2.435050E-04	1.068560E-03	1.091620E-03	3.007680E-03	8.951090E-04	3.060840E-04	4.334670E-04	-3.115686292603257	-1.6298155490466733
126.0	2.362750E-04	1.089650E-03	1.053820E-03	2.971280E-03	9.185210E-04	3.380110E-04	4.338060E-04	-2.8923658293797967	-1.713236176559388
133.0	2.192290E-04	1.066970E-03	1.074920E-03	2.949510E-03	8.512490E-04	2.692360E-04	4.327950E-04	-3.0210871855856882	-2.5331110994710166
140.0	2.094250E-04	1.105760E-03	1.097850E-03	3.088820E-03	8.804630E-04	2.990800E-04	4.353580E-04	-3.2479821331955248	-2.103935630624327
147.0	2.402820E-04	1.064560E-03	1.088350E-03	2.916810E-03	9.033210E-04	3.420280E-04	4.340010E-04	-2.4435687435368623	-1.5712057911538972
154.0	1.947980E-04	1.085090E-03	1.001480E-03	3.014390E-03	8.841200E-04	3.070040E-04	4.341940E-04	-2.220291035106331	-1.960566146825221
161.0	1.884880E-04	1.091340E-03	9.983450E-04	3.093990E-03	8.088120E-04	2.817140E-04	4.322950E-04	-2.909308296817485	-1.1183892841332
191.0	2.205480E-04	1.095070E-03	1.072910E-03	2.984840E-03	8.499140E-04	3.159390E-04	4.342700E-04	-2.1632542993880812	-1.4518058319291638
221.0	2.188400E-04	1.089330E-03	1.100500E-03	2.941130E-03	8.635590E-04	3.075460E-04	4.333860E-04	-3.5244543593099453	-1.7223849251019172
251.0	2.368950E-04	1.120090E-03	1.087230E-03	3.088140E-03	9.246310E-04	3.180280E-04	4.343190E-04	-2.756725890216986	-2.9067147309336043
281.0	2.223290E-04	1.067980E-03	1.133280E-03	3.075070E-03	8.865520E-04	3.005220E-04	4.339080E-04	-2.9226794783732384	-1.9264099728361266
311.0	2.331180E-04	1.122050E-03	1.001260E-03	2.957430E-03	9.319910E-04	3.032110E-04	4.337020E-04	-2.589392517154458	-1.8034015212240808
341.0	2.036150E-04	1.072000E-03	1.091770E-03	3.035920E-03	8.217760E-04	2.803500E-04	4.328590E-04	-3.547277912900813	-1.7950580192625565
371.0	2.040110E-04	1.094480E-03	1.011070E-03	3.001120E-03	8.750600E-04	2.704010E-04	4.336470E-04	-3.59272203712799	-1.9767300874370748
401.0	1.980690E-04	1.067970E-03	1.045030E-03	3.046990E-03	8.787210E-04	2.901670E-04	4.340720E-04	-3.692550286987728	-1.4816520309042371
431.0	2.100190E-04	1.049950E-03	1.109750E-03	3.001810E-03	9.060070E-04	3.098280E-04	4.340450E-04	-2.9160749872512857	-3.0777692327839876
461.0	2.235440E-04	1.025300E-03	1.042080E-03	3.114440E-03	9.144880E-04	3.256890E-04	4.336510E-04	-2.5693881533900265	-2.222370008740016
491.0	2.095330E-04	1.103930E-03	1.092910E-03	2.930020E-03	8.760220E-04	2.867750E-04	4.331270E-04	-2.7738837790324338	-3.1805893749968153
521.0	2.088350E-04	1.120380E-03	1.105490E-03	2.981600E-03	8.852030E-04	3.049900E-04	4.341470E-04	-3.0353754350721776	-2.2526456633555627
551.0	2.072350E-04	1.058540E-03	1.087240E-03	2.949140E-03	9.012720E-04	3.268130E-04	4.327180E-04	-2.2235665764210277	-1.7368933031375975
581.0	2.267560E-04	1.113110E-03	1.097490E-03	3.062060E-03	9.056510E-04	3.229800E-04	4.328920E-04	-1.903021313539303	-1.0996524741045521
611.0	2.018210E-04	1.067060E-03	1.025930E-03	2.933050E-03	8.603220E-04	3.076770E-04	4.344920E-04	-2.5514841891666302	-1.5137421650178782
641.0	1.963250E-04	1.093440E-03	1.050340E-03	3.033330E-03	8.739460E-04	3.086240E-04	4.329720E-04	-1.196876790808534	-1.9927171075150854
671.0	2.035490E-04	1.072230E-03	1.011110E-03	3.061340E-03	8.323130E-04	3.174390E-04	4.334060E-04	-2.6754924170642864	-2.1213495754145923
701.0	1.841320E-04	1.113260E-03	1.107650E-03	3.065320E-03	9.143200E-04	3.504070E-04	4.343460E-04	-2.5625720803657877	-1.9691374293530637
731.0	2.197030E-04	1.086300E-03	1.114100E-03	3.076290E-03	9.020870E-04	3.340190E-04	4.330980E-04	-2.038648378771005	-2.194822027423561
761.0	2.014160E-04	1.051780E-03	1.061280E-03	3.011710E-03	8.778090E-04	3.637360E-04	4.342680E-04	-2.868498843551412	-1.2703510734450638
791.0	2.518120E-04	1.035950E-03	1.139350E-03	3.090540E-03	8.991870E-04	2.951480E-04	4.343530E-04	-2.819592393258173	-1.9157817193171256
821.0	2.223750E-04	1.030670E-03	1.119940E-03	2.998550E-03	8.966580E-04	3.171140E-04	4.327510E-04	-2.4868700788420357	-2.3963929489056985
851.0	2.262370E-04	1.142320E-03	1.033230E-03	2.950100E-03	8.564980E-04	3.432980E-04	4.336550E-04	-2.742045478753555	-1.3531866222369
881.0	2.096460E-04	1.090770E-03	1.068850E-03	2.916960E-03	8.118600E-04	3.098370E-04	4.333950E-04	-2.6728021989004005	-1.7400275513366716
911.0	2.031300E-04	1.101390E-03	1.016410E-03	3.049520E-03	8.771760E-04	2.974040E-04	4.334970E-04	-2.5067917927578702	-2.4495419557857376
941.0	1.914330E-04	1.108200E-03	1.045280E-03	2.925980E-03	8.465800E-04	3.286150E-04	4.354880E-04	-3.5939874201845825	-2.3699183384627434
971.0	2.323210E-04	1.020540E-03	9.972430E-04	3.082210E-03	9.663680E-04	2.806030E-04	4.338500E-04	-3.0642299165272173	-2.4953671847199885
1001.0	1.923310E-04	1.093440E-03	1.016620E-03	3.058680E-03	8.577430E-04	2.925600E-04	4.336070E-04	-2.3990675567848934	-1.787820229297173
1031.0	2.202700E-04	1.113400E-03	1.063790E-03	2.973330E-03	9.155460E-04	3.044260E-04	4.327940E-04	-2.2025324914704454	-1.882684994031279
1061.0	2.246940E-04	1.053920E-03	1.045630E-03	3.079960E-03	9.024240E-04	3.089210E-04	4.327680E-04	-2.3758601004624396	-2.817864116901115
1091.0	2.208110E-04	1.079950E-03	1.027640E-03	3.003250E-03	8.659210E-04	3.214990E-04	4.338520E-04	-1.7743868048031741	-1.7999113358225747
1121.0	2.128630E-04	1.070400E-03	1.054460E-03	3.052160E-03	8.960450E-04	3.577180E-04	4.315060E-04	-1.9268041577691184	-2.582025230755228
1151.0	2.295870E-04	1.118540E-03	1.154820E-03	3.024640E-03	8.542260E-04	3.091140E-04	4.341190E-04	-2.230336478361455	-1.348239852340313
1181.0	1.968900E-04	1.101230E-03	1.030490E-03	3.017780E-03	9.273190E-04	3.160950E-04	4.312660E-04	-0.9797578543732973	-1.2916204265491333
1211.0	2.342300E-04	1.103690E-03	1.067750E-03	3.012460E-03	8.538640E-04	3.392650E-04	4.329210E-04	-3.448261297650888	-1.7837356919857918
1241.0	2.220590E-04	1.092730E-03	1.035920E-03	2.980380E-03	8.721850E-04	3.530500E-04	4.343070E-04	-3.224254143981385	-1.8495938573695923
1271.0	2.099520E-04	1.146730E-03	9.894250E-04	2.971700E-03	8.787030E-04	3.129780E-04	4.340920E-04	-3.344984082623455	-2.9376627910519266
1301.0	1.941410E-04	1.177310E-03	1.060710E-03	3.090060E-03	8.861160E-04	3.117070E-04	4.330900E-04	-1.5693977133922774	-2.914610917783309
1331.0	2.293580E-04	1.118690E-03	1.099530E-03	3.035380E-03	8.359520E-04	3.125920E-04	4.333980E-04	-1.7667650884192427	-0.9638509991369418
1361.0	2.039510E-04	1.084910E-03	1.010540E-03	2.967810E-03	8.626780E-04	3.313420E-04	4.348950E-04	-2.5689098333393092	-2.2058841665227087
1391.0	2.267170E-04	1.069070E-03	1.048930E-03	2.891190E-03	8.832470E-04	3.213730E-04	4.338860E-04	-2.3738409407641297	-1.7889171416624172
1421.0	2.150850E-04	1.071360E-03	1.069260E-03	3.090380E-03	9.307710E-04	3.193660E-04	4.341310E-04	-3.1891165943453372	-2.423900456943155
1451.0	2.233360E-04	1.097090E-03	1.056980E-03	3.039240E-03	9.160430E-04	3.195320E-04	4.342200E-04	-2.302614688122611	-1.6656525452880355
